{
  "image_folder": "C:\\Users\\23651\\Documents\\VGGT\\examples\\test",
  "preprocessed_size": [
    518,
    518
  ],
  "coordinate_convention": "extrinsic is OpenCV camera-from-world; camera_to_world is its inverse.",
  "cameras": [
    {
      "image_name": "塔-45度.jpg",
      "image_path": "C:\\Users\\23651\\Documents\\VGGT\\examples\\test\\塔-45度.jpg",
      "intrinsic_3x3": [
        [
          1379.0859375,
          0.0,
          259.0
        ],
        [
          0.0,
          1372.4970703125,
          259.0
        ],
        [
          0.0,
          0.0,
          1.0
        ]
      ],
      "extrinsic_3x4_camera_from_world": [
        [
          1.0,
          9.069152292795479e-05,
          -5.998830147291301e-06,
          -4.846944648306817e-06
        ],
        [
          -9.06918867258355e-05,
          1.0,
          -6.0847502027172595e-05,
          6.0136640968266875e-05
        ],
        [
          5.993311333440943e-06,
          6.084804772399366e-05,
          1.0,
          -0.00010724968160502613
        ]
      ],
      "camera_to_world_4x4": [
        [
          1.0,
          -9.06918867258355e-05,
          5.9933117881882936e-06,
          4.853041446040152e-06
        ],
        [
          9.069152292795479e-05,
          1.0,
          6.084804408601485e-05,
          -6.0129674238851294e-05
        ],
        [
          -5.99882969254395e-06,
          -6.0847502027172595e-05,
          1.0,
          0.0001072533123078756
        ],
        [
          0.0,
          0.0,
          0.0,
          1.0
        ]
      ]
    },
    {
      "image_name": "塔0度.jpg",
      "image_path": "C:\\Users\\23651\\Documents\\VGGT\\examples\\test\\塔0度.jpg",
      "intrinsic_3x3": [
        [
          1356.099609375,
          0.0,
          259.0
        ],
        [
          0.0,
          1349.3262939453125,
          259.0
        ],
        [
          0.0,
          0.0,
          1.0
        ]
      ],
      "extrinsic_3x4_camera_from_world": [
        [
          0.7676984667778015,
          -0.32654425501823425,
          0.5513691306114197,
          -0.5031608939170837
        ],
        [
          0.3335760235786438,
          0.9382970333099365,
          0.09124504029750824,
          -0.06871248036623001
        ],
        [
          -0.5471435785293579,
          0.11387485265731812,
          0.829256534576416,
          0.16427722573280334
        ]
      ],
      "camera_to_world_4x4": [
        [
          0.7676984667778015,
          0.3335760533809662,
          -0.5471435785293579,
          0.4990799129009247
        ],
        [
          -0.32654425501823425,
          0.9382970929145813,
          0.11387484520673752,
          -0.11853861808776855
        ],
        [
          0.5513691306114197,
          0.09124504774808884,
          0.829256534576416,
          0.14746908843517303
        ],
        [
          0.0,
          0.0,
          0.0,
          1.0
        ]
      ]
    },
    {
      "image_name": "塔45度.jpg",
      "image_path": "C:\\Users\\23651\\Documents\\VGGT\\examples\\test\\塔45度.jpg",
      "intrinsic_3x3": [
        [
          1215.535888671875,
          0.0,
          259.0
        ],
        [
          0.0,
          1212.8941650390625,
          259.0
        ],
        [
          0.0,
          0.0,
          1.0
        ]
      ],
      "extrinsic_3x4_camera_from_world": [
        [
          0.1695958971977234,
          -0.523454487323761,
          0.8350045680999756,
          -0.773342490196228
        ],
        [
          0.4981946349143982,
          0.7765829563140869,
          0.3856435716152191,
          -0.3386194705963135
        ],
        [
          -0.8503171801567078,
          0.3505912721157074,
          0.39248746633529663,
          0.60226970911026
        ]
      ],
      "camera_to_world_4x4": [
        [
          0.16959580779075623,
          0.4981946647167206,
          -0.8503172397613525,
          0.8119743466377258
        ],
        [
          -0.5234545469284058,
          0.7765830159187317,
          0.350591242313385,
          -0.35299399495124817
        ],
        [
          0.8350045680999756,
          0.38564351201057434,
          0.3924875259399414,
          0.5399475693702698
        ],
        [
          0.0,
          0.0,
          0.0,
          1.0
        ]
      ]
    },
    {
      "image_name": "塔90度.jpg",
      "image_path": "C:\\Users\\23651\\Documents\\VGGT\\examples\\test\\塔90度.jpg",
      "intrinsic_3x3": [
        [
          1260.699462890625,
          0.0,
          259.0
        ],
        [
          0.0,
          1251.5677490234375,
          259.0
        ],
        [
          0.0,
          0.0,
          1.0
        ]
      ],
      "extrinsic_3x4_camera_from_world": [
        [
          -0.5917197465896606,
          -0.42788466811180115,
          0.6832146048545837,
          -0.6384677290916443
        ],
        [
          0.4624060392379761,
          0.5140708684921265,
          0.7224345803260803,
          -0.6691221594810486
        ],
        [
          -0.6603394150733948,
          0.7434015274047852,
          -0.10632944107055664,
          1.0196110010147095
        ]
      ],
      "camera_to_world_4x4": [
        [
          -0.5917199850082397,
          0.46240612864494324,
          -0.6603395342826843,
          0.6049015522003174
        ],
        [
          -0.4278847277164459,
          0.5140708684921265,
          0.7434015274047852,
          -0.6871947646141052
        ],
        [
          0.6832147240638733,
          0.7224346399307251,
          -0.10632944852113724,
          1.028022289276123
        ],
        [
          0.0,
          0.0,
          0.0,
          1.0
        ]
      ]
    }
  ]
}